%YAML:1.0
---
camera_name: calibration
image_width: 960
image_height: 720
camera_matrix:
   rows: 3
   cols: 3
   data: [ 7.9600665283203125e+02, 0., 4.7114190673828125e+02, 0.,
       7.9600665283203125e+02, 3.5450680541992188e+02, 0., 0., 1. ]
distortion_coefficients:
   rows: 1
   cols: 5
   data: [ 0., 0., 0., 0., 0. ]
distortion_model: plumb_bob
