0.997221 -0.054624 0.050655 -3.414270 0.023093 0.873137 0.486927 0.084972 -0.070826 -0.484404 0.871973 3.981827
0.998899 -0.018515 0.043102 -3.399603 -0.001914 0.901966 0.431803 0.049069 -0.046872 -0.431410 0.900937 4.131486
0.997698 -0.038171 0.056047 -3.417466 0.019121 0.951342 0.307544 -0.039715 -0.065059 -0.305764 0.949882 4.192185
0.996458 -0.034865 0.076529 -3.434350 0.029999 0.997509 0.063843 -0.177240 -0.078564 -0.061321 0.995021 4.188943
0.995840 -0.002025 0.091093 -3.446598 0.013232 0.992368 -0.122597 -0.261739 -0.090149 0.123292 0.988267 4.160082
0.997138 0.022776 0.072095 -3.452444 -0.000800 0.956672 -0.291166 -0.334630 -0.075603 0.290275 0.953952 4.117825
0.997325 0.019889 0.070341 -3.447080 0.007327 0.930231 -0.366902 -0.369754 -0.072731 0.366436 0.927596 4.082671
0.996852 0.009796 0.078678 -3.443126 0.025868 0.897849 -0.439544 -0.397323 -0.074947 0.440195 0.894769 4.088434
0.997951 -0.005564 0.063740 -3.430950 0.035894 0.873367 -0.485738 -0.373695 -0.052966 0.487030 0.871778 4.149750
0.997634 0.033342 0.060124 -3.443661 0.006422 0.825510 -0.564351 -0.410478 -0.068449 0.563402 0.823342 4.126816
0.999449 -0.011288 0.031210 -3.380429 0.026027 0.850089 -0.525996 -0.399434 -0.020593 0.526518 0.849914 4.132300
0.999906 -0.008360 -0.010872 -3.356090 0.000828 0.828095 -0.560587 -0.397590 0.013690 0.560525 0.828024 4.211846
0.999278 0.004153 0.037777 -3.397516 0.019644 0.794472 -0.606983 -0.425839 -0.032534 0.607287 0.793816 4.281279
0.999429 0.007163 0.033011 -3.436386 0.015429 0.772540 -0.634779 -0.415842 -0.030049 0.634926 0.771989 4.359410
0.999608 0.011364 0.025581 -3.341171 0.006581 0.792871 -0.609354 -0.406031 -0.027207 0.609284 0.792486 4.355218
0.997916 0.027448 0.058398 -3.400807 0.019946 0.729472 -0.683720 -0.429988 -0.061366 0.683460 0.727404 4.398777
0.995211 0.060149 0.077047 -3.454098 0.019447 0.650640 -0.759137 -0.435063 -0.095791 0.757000 0.646355 4.391983
0.997412 0.020965 0.068776 -3.377657 0.035046 0.693465 -0.719638 -0.418490 -0.062780 0.720185 0.690935 4.334148
0.999939 0.003689 -0.010414 -3.359278 -0.009194 0.800539 -0.599210 -0.395101 0.006127 0.599269 0.800524 4.345879
0.996439 -0.014754 -0.083020 -3.359025 -0.029409 0.861937 -0.506162 -0.364429 0.079026 0.506801 0.858433 4.376474
0.999798 -0.006317 -0.019086 -3.435768 -0.005951 0.813833 -0.581069 -0.399940 0.019203 0.581065 0.813631 4.452246
0.999041 0.010423 0.042530 -3.441695 0.019012 0.771681 -0.635726 -0.442221 -0.039446 0.635925 0.770742 4.472880
0.997728 0.014265 0.065836 -3.432289 0.027768 0.803332 -0.594884 -0.461381 -0.061374 0.595361 0.801111 4.463753
0.999562 -0.017296 0.024008 -3.421447 0.026676 0.877846 -0.478200 -0.465211 -0.012805 0.478632 0.877922 4.411762
0.999857 -0.001336 0.016866 -3.408242 0.009245 0.878020 -0.478535 -0.429596 -0.014169 0.478622 0.877907 4.334972
0.998548 -0.026927 -0.046663 -3.393967 0.011930 0.955153 -0.295871 -0.346423 0.052537 0.294885 0.954087 4.273168
0.994356 -0.037034 -0.099422 -3.373693 0.026850 0.994433 -0.101890 -0.261924 0.102642 0.098646 0.989815 4.184561
0.976284 -0.026589 -0.214856 -3.345737 0.040708 0.997273 0.061559 -0.174787 0.212633 -0.068846 0.974704 4.066786
0.928047 0.094478 -0.360282 -3.306044 0.015902 0.956362 0.291752 -0.082207 0.372124 -0.276489 0.886046 3.923221
0.755193 0.340129 -0.560353 -3.224791 -0.018416 0.865517 0.500541 0.027657 0.655243 -0.367686 0.659896 3.762021
0.464936 0.620051 -0.631958 -3.180000 -0.039589 0.727646 0.684810 0.106145 0.884459 -0.293375 0.362856 3.565299
0.185534 0.741063 -0.645293 -3.182124 -0.047949 0.662740 0.747313 0.142323 0.981467 -0.107711 0.158494 3.337510
-0.029999 0.736400 -0.675881 -3.201096 -0.003652 0.676100 0.736801 0.164773 0.999543 0.024571 -0.017593 3.062535
-0.190289 0.715767 -0.671914 -3.255815 -0.018581 0.681671 0.731423 0.188016 0.981552 0.151666 -0.116415 2.843292
-0.300999 0.646207 -0.701296 -3.372313 -0.010077 0.733204 0.679934 0.206884 0.953571 0.211726 -0.214182 2.674420
-0.337796 0.591935 -0.731784 -3.517565 0.035861 0.785014 0.618439 0.182164 0.940536 0.182664 -0.286402 2.521952
-0.262602 0.503255 -0.823271 -3.624540 -0.015768 0.850863 0.525151 0.169001 0.964775 0.150887 -0.215503 2.385581
-0.106314 0.406022 -0.907658 -3.736804 -0.008809 0.912411 0.409180 0.117914 0.994294 0.051497 -0.093426 2.246917
0.010389 0.218678 -0.975742 -3.814535 0.015723 0.975638 0.218822 0.017844 0.999822 -0.017615 0.006697 2.158074
0.022594 0.059735 -0.997959 -3.891374 0.041517 0.997296 0.060635 -0.096342 0.998882 -0.042802 0.020053 2.134611
0.004903 -0.051764 -0.998647 -3.970333 0.028059 0.998273 -0.051607 -0.204342 0.999594 -0.027768 0.006347 2.123160
0.047331 -0.179223 -0.982669 -3.994908 0.009216 0.983808 -0.178986 -0.278190 0.998837 -0.000585 0.048216 2.102251
0.051011 -0.248136 -0.967381 -3.991485 0.033104 0.968530 -0.246685 -0.322172 0.998149 -0.019440 0.057620 2.086251
0.108987 -0.264692 -0.958154 -4.100613 0.011862 0.964174 -0.265006 -0.344106 0.993972 0.017517 0.108222 2.060166
0.075965 -0.227338 -0.970849 -4.139462 0.014627 0.973811 -0.226888 -0.278888 0.997003 0.003035 0.077301 2.072863
0.060069 -0.165656 -0.984353 -4.116590 0.013448 0.986178 -0.165142 -0.232461 0.998104 -0.003318 0.061466 2.077951
0.040909 -0.084080 -0.995619 -4.091841 0.012001 0.996423 -0.083655 -0.181221 0.999091 -0.008526 0.041771 2.083531
0.030688 0.007466 -0.999501 -4.070554 0.006077 0.999952 0.007656 -0.121947 0.999511 -0.006309 0.030641 2.084290
0.063877 0.065874 -0.995781 -4.041122 0.022543 0.997469 0.067432 -0.081894 0.997703 -0.026756 0.062230 2.078489
0.073530 0.114520 -0.990696 -3.995795 0.000455 0.993381 0.114864 -0.032452 0.997293 -0.008897 0.072991 2.062095
0.087741 0.146291 -0.985343 -3.955435 -0.006076 0.989218 0.146326 0.025357 0.996125 -0.006852 0.087684 2.056447
0.095770 0.227309 -0.969102 -3.913444 -0.018691 0.973816 0.226567 0.082759 0.995228 -0.003585 0.097511 2.059867
0.119877 0.224568 -0.967057 -3.851064 -0.024585 0.974454 0.223238 0.085378 0.992484 -0.002986 0.122336 2.077880
0.127745 0.196783 -0.972089 -3.762651 -0.003743 0.980208 0.197935 0.041627 0.991800 -0.021647 0.125953 2.109463
0.104684 0.288709 -0.951677 -3.661577 -0.041543 0.957369 0.285866 0.086905 0.993638 0.009610 0.112215 2.125877
0.011409 0.497175 -0.867576 -3.557326 -0.065499 0.866140 0.495491 0.161190 0.997787 0.051172 0.042447 2.111226
-0.046089 0.600884 -0.798007 -3.459927 -0.116725 0.790144 0.601704 0.209168 0.992094 0.120879 0.033721 2.028090
-0.084029 0.677586 -0.730628 -3.342338 -0.093004 0.724687 0.682773 0.244395 0.992114 0.125324 0.002124 1.867600
-0.272054 0.690845 -0.669866 -3.239217 -0.120241 0.666261 0.735961 0.285303 0.954740 0.280766 -0.098191 1.695583
-0.478839 0.656365 -0.583007 -3.210823 -0.121224 0.608295 0.784399 0.312025 0.869493 0.446276 -0.211708 1.502056
-0.685643 0.558345 -0.467059 -3.221689 -0.056892 0.598555 0.799059 0.292897 0.725711 0.574442 -0.378630 1.232145
-0.855189 0.352574 -0.379926 -3.192882 -0.047177 0.677008 0.734462 0.263665 0.516165 0.646028 -0.562336 0.963837
-0.911864 0.206113 -0.354996 -3.159135 -0.029313 0.829901 0.557140 0.202262 0.409445 0.518442 -0.750715 0.644728
-0.946829 0.133561 -0.292704 -3.154160 0.002290 0.912538 0.408985 0.141118 0.321728 0.386569 -0.864324 0.306345
-0.971934 0.041586 -0.231550 -3.188038 -0.014794 0.971500 0.236576 0.094886 0.234789 0.233362 -0.943619 -0.042213
-0.991185 -0.000708 -0.132486 -3.217777 -0.023974 0.984436 0.174102 0.083945 0.130301 0.175743 -0.975775 -0.427764
-0.991068 0.031649 -0.129551 -3.261775 0.003413 0.977135 0.212595 0.079531 0.133317 0.210253 -0.968514 -0.802950
-0.986509 0.056615 -0.153609 -3.345284 0.017186 0.968929 0.246741 0.107386 0.162806 0.240773 -0.956830 -1.191813
-0.997457 0.046112 -0.054352 -3.415448 0.031964 0.970950 0.237138 0.073794 0.063708 0.234797 -0.969954 -1.633005
-0.997719 0.000539 -0.067496 -3.463849 -0.008228 0.991539 0.129545 0.094586 0.066994 0.129805 -0.989274 -2.050127
-0.985325 0.030696 -0.167907 -3.544498 0.007384 0.990441 0.137739 0.058636 0.170530 0.134478 -0.976133 -2.463947
-0.962611 0.038054 -0.268201 -3.630627 -0.000640 0.989761 0.142732 0.064426 0.270887 0.137567 -0.952731 -2.894193
-0.941406 0.013619 -0.336999 -3.687246 0.002073 0.999399 0.034597 0.060685 0.337268 0.031872 -0.940869 -3.250119
-0.831645 0.039131 -0.553927 -3.797625 0.015744 0.998775 0.046918 0.054870 0.555084 0.030298 -0.831242 -3.676087
-0.700296 0.085547 -0.708708 -3.955685 0.028137 0.995330 0.092342 0.090079 0.713298 0.044726 -0.699433 -4.031356
-0.625612 0.133049 -0.768705 -4.159379 0.073884 0.991026 0.111398 0.055905 0.776628 0.012898 -0.629828 -4.408445
-0.448741 0.127662 -0.884496 -4.420280 0.065828 0.991777 0.109750 0.076606 0.891234 -0.008975 -0.453455 -4.764892
-0.398755 0.115098 -0.909806 -4.718813 0.029687 0.993193 0.112635 0.043199 0.916577 0.017904 -0.399457 -5.078813
-0.574125 0.055463 -0.816887 -5.030683 0.049382 0.998232 0.033068 0.030462 0.817277 -0.021354 -0.575849 -5.349067
-0.729197 0.059066 -0.681750 -5.268775 0.033521 0.998155 0.050625 0.027881 0.683482 0.014063 -0.729832 -5.629181
-0.784144 0.053142 -0.618300 -5.517341 -0.005149 0.995735 0.092112 0.035503 0.620558 0.075413 -0.780526 -5.939449
-0.808367 -0.020818 -0.588311 -5.781950 -0.017965 0.999781 -0.010693 0.071563 0.588405 0.001926 -0.808564 -6.256698
-0.816725 -0.093000 -0.569484 -5.986186 -0.068867 0.995583 -0.063818 0.048124 0.572904 -0.012903 -0.819521 -6.602190
-0.724698 -0.082274 -0.684137 -6.171074 -0.059951 0.996610 -0.056346 0.072600 0.686454 0.000181 -0.727174 -6.979463
-0.531385 -0.059229 -0.845058 -6.407856 -0.036536 0.998227 -0.046989 0.062907 0.846343 0.005906 -0.532606 -7.322363
-0.370427 0.105034 -0.922904 -6.681316 0.025677 0.994364 0.102861 0.065204 0.928506 0.014405 -0.371037 -7.581323
-0.054121 0.251721 -0.966285 -6.991741 0.010785 0.967794 0.251511 0.110695 0.998476 0.003191 -0.055093 -7.737926
0.348309 0.191806 -0.917546 -7.316645 0.040420 0.974858 0.219130 0.075822 0.936508 -0.113412 0.331800 -7.819374
0.539831 -0.129271 -0.831788 -7.623845 0.146414 0.987495 -0.058448 0.014224 0.828943 -0.090233 0.552007 -7.806161
0.542275 -0.207713 -0.814121 -7.931532 0.160952 0.976696 -0.141984 -0.153803 0.824641 -0.054040 0.563070 -7.757009
0.605732 -0.283393 -0.743490 -8.194836 0.212473 0.958100 -0.192090 -0.307239 0.766775 -0.041616 0.640566 -7.727856
0.575790 -0.328310 -0.748785 -8.399602 0.197566 0.944565 -0.262230 -0.456143 0.793369 0.003055 0.608734 -7.650970
0.541257 -0.315123 -0.779576 -8.596287 0.157890 0.948718 -0.273871 -0.602428 0.825900 0.025147 0.563255 -7.618853
0.698554 -0.300278 -0.649505 -8.798948 0.141864 0.947790 -0.285603 -0.763543 0.701354 0.107368 0.704680 -7.601769
0.679711 -0.301959 -0.668441 -8.980175 0.143017 0.948398 -0.282998 -0.852804 0.719402 0.096758 0.687822 -7.570485
0.576718 -0.321689 -0.750941 -9.147346 0.130750 0.943705 -0.303850 -0.969646 0.806413 0.077050 0.586312 -7.601357
0.542299 -0.381964 -0.748342 -9.296972 0.144810 0.919849 -0.364565 -1.099234 0.827612 0.089336 0.554145 -7.664161
0.616907 -0.426908 -0.661192 -9.490598 0.183938 0.895044 -0.406280 -1.198958 0.765240 0.129019 0.630684 -7.675432
0.482642 -0.314345 -0.817462 -9.662180 0.146257 0.949192 -0.278648 -1.327508 0.863519 0.014928 0.504095 -7.687981
0.344944 -0.193494 -0.918463 -9.875545 0.102323 0.980441 -0.168122 -1.408732 0.933029 -0.035987 0.357996 -7.768533
0.141366 -0.052735 -0.988552 -10.049610 0.097390 0.994477 -0.039124 -1.479790 0.985155 -0.090744 0.145721 -7.713196
-0.044621 0.022667 -0.998747 -10.214856 0.042957 0.998861 0.020750 -1.566183 0.998080 -0.041978 -0.045544 -7.746315
-0.196887 0.031303 -0.979926 -10.383076 -0.015149 0.999274 0.034965 -1.631853 0.980309 0.021729 -0.196269 -7.849693
-0.322022 0.073431 -0.943880 -10.538019 0.014243 0.997250 0.072724 -1.736580 0.946625 0.009975 -0.322183 -7.887770
-0.488742 0.103466 -0.866272 -10.725329 -0.008519 0.992329 0.123329 -1.848265 0.872387 0.067656 -0.484111 -7.940423
-0.738123 -0.003477 -0.674657 -10.931352 -0.005763 0.999983 0.001151 -1.949339 0.674642 0.004737 -0.738130 -8.102824
-0.913335 -0.014338 -0.406957 -11.103642 -0.010728 0.999880 -0.011152 -2.077720 0.407068 -0.005820 -0.913379 -8.291593
-0.993546 0.000324 -0.113433 -11.284733 -0.002247 0.999743 0.022539 -2.075524 0.113411 0.022649 -0.993290 -8.492801
-0.926582 -0.147820 0.345826 -11.334828 -0.008392 0.927418 0.373931 -2.045696 -0.376000 0.343575 -0.860570 -8.745613
-0.588712 -0.504212 0.631814 -11.261323 -0.082057 0.814855 0.573828 -1.945502 -0.804167 0.285975 -0.521089 -8.995260
-0.236770 -0.446197 0.863046 -11.219373 -0.102731 0.894822 0.434442 -1.925819 -0.966119 0.014201 -0.257705 -9.196987
0.063670 -0.259723 0.963582 -11.139980 -0.149948 0.952090 0.266534 -1.959115 -0.986642 -0.161457 0.021675 -9.414489
0.257115 -0.028229 0.965969 -10.949840 -0.161027 0.984347 0.071627 -1.980380 -0.952871 -0.173963 0.248545 -9.593737
0.272048 0.067019 0.959947 -10.688227 -0.082769 0.995504 -0.046045 -2.058572 -0.958717 -0.066927 0.276372 -9.757828
0.190178 0.213188 0.958323 -10.455678 0.018221 0.975203 -0.220559 -2.221228 -0.981581 0.059407 0.181578 -9.896806
-0.100185 0.183896 0.977827 -10.178312 0.078431 0.981173 -0.176489 -2.344388 -0.991873 0.059010 -0.112722 -9.946741
-0.332186 0.036557 0.942505 -9.919376 0.059834 0.998053 -0.017623 -2.465207 -0.941314 0.050540 -0.333727 -9.998974
-0.470201 0.198835 0.859870 -9.725515 0.101767 0.980007 -0.170966 -2.602808 -0.876673 0.007118 -0.481035 -10.028591
-0.316145 0.392850 0.863551 -9.596835 0.169432 0.918983 -0.356038 -2.717796 -0.933459 0.033754 -0.357093 -9.961468
-0.121603 0.416044 0.901177 -9.468366 0.159263 0.904330 -0.396009 -2.844673 -0.979718 0.095368 -0.176229 -9.933297
0.094418 0.340332 0.935553 -9.290693 0.105568 0.931030 -0.349341 -2.971653 -0.989920 0.131748 0.051978 -9.922112
0.202775 0.289294 0.935517 -9.120435 0.069795 0.948664 -0.308488 -3.022827 -0.976735 0.127848 0.172174 -9.840209
0.167107 0.317313 0.933482 -8.936067 0.055397 0.942277 -0.330219 -3.155879 -0.984381 0.106894 0.139883 -9.791007
0.120977 0.232074 0.965146 -8.726743 0.043825 0.970090 -0.238757 -3.248690 -0.991687 0.071182 0.107188 -9.804193
0.151786 0.074745 0.985583 -8.482227 0.064989 0.994224 -0.085409 -3.340957 -0.986275 0.077016 0.146052 -9.752747
0.058744 -0.144678 0.987734 -8.234457 0.078515 0.987047 0.139908 -3.482070 -0.995181 0.069333 0.069342 -9.749970
0.087920 -0.327492 0.940755 -8.009195 0.068829 0.944152 0.322242 -3.571927 -0.993747 0.036419 0.105551 -9.787429
0.173998 -0.314224 0.933268 -7.819820 0.078083 0.949142 0.305011 -3.659278 -0.981646 0.019801 0.189684 -9.734089
0.137112 0.010028 0.990505 -7.692551 0.095366 0.995170 -0.023277 -3.777290 -0.985954 0.097652 0.135494 -9.733934
0.221085 0.213107 0.951686 -7.541923 0.056491 0.971397 -0.230644 -3.894087 -0.973617 0.104753 0.202723 -9.741088
0.160842 0.132891 0.977993 -7.324111 0.020580 0.990227 -0.137938 -3.993272 -0.986766 0.042314 0.156535 -9.641444
0.256049 -0.033414 0.966086 -7.133584 -0.056759 0.997158 0.049532 -4.078564 -0.964996 -0.067517 0.253425 -9.473374
0.709501 -0.045473 0.703236 -6.992609 -0.004696 0.997589 0.069244 -4.070532 -0.704689 -0.052431 0.707576 -9.296597
0.964786 -0.019284 0.262330 -6.907397 0.035454 0.997742 -0.057046 -4.114939 -0.260637 0.064337 0.963291 -9.115402
0.992229 0.001945 -0.124408 -6.919033 -0.013334 0.995782 -0.090774 -4.084707 0.123707 0.091728 0.988070 -8.880115
0.892637 -0.094780 -0.440700 -6.971937 0.028241 0.987484 -0.155173 -4.117715 0.449891 0.126067 0.884141 -8.640504
0.691673 -0.148315 -0.706818 -7.063370 0.036308 0.984589 -0.171071 -4.136204 0.721298 0.092662 0.686399 -8.417850
0.583715 -0.219749 -0.781657 -7.244720 0.035442 0.968659 -0.245854 -4.152599 0.811185 0.115806 0.573209 -8.231360
0.577829 -0.234692 -0.781686 -7.462063 0.058124 0.967165 -0.247414 -4.193737 0.814085 0.097529 0.572497 -8.100759
0.513071 -0.314201 -0.798772 -7.676205 0.090321 0.945190 -0.313779 -4.274255 0.853581 0.088845 0.513329 -7.998676
0.387745 -0.435673 -0.812307 -7.873511 0.131403 0.898376 -0.419111 -4.410016 0.912352 0.055769 0.405590 -7.945120
0.370611 -0.408118 -0.834318 -8.050945 0.128196 0.912166 -0.389254 -4.538800 0.919899 0.037306 0.390378 -7.920519
0.270326 -0.380399 -0.884432 -8.234760 0.116273 0.924809 -0.362227 -4.612575 0.955722 -0.004916 0.294230 -7.844272
0.129496 -0.324413 -0.937010 -8.407501 0.074378 0.945482 -0.317067 -4.728260 0.988787 -0.028634 0.146565 -7.815614
0.075694 -0.302897 -0.950013 -8.604559 0.053281 0.952613 -0.299481 -4.828749 0.995707 -0.027949 0.088246 -7.834677
-0.044170 -0.232767 -0.971529 -8.772761 0.040875 0.971243 -0.234556 -4.918100 0.998187 -0.050071 -0.033386 -7.809930
-0.208689 -0.127096 -0.969688 -8.933055 0.027851 0.990345 -0.135798 -5.028527 0.977586 -0.055346 -0.203134 -7.790138
-0.323484 -0.107123 -0.940150 -9.071192 -0.003855 0.993712 -0.111900 -5.078449 0.946226 -0.032574 -0.321863 -7.824821
-0.375193 -0.048998 -0.925651 -9.229825 0.005847 0.998457 -0.055222 -5.182224 0.926929 -0.026131 -0.374327 -7.838504
-0.441550 -0.040859 -0.896306 -9.392595 0.020809 0.998228 -0.055756 -5.280389 0.896995 -0.043270 -0.439918 -7.798619
-0.529907 0.003312 -0.848049 -9.560872 0.026055 0.999584 -0.012377 -5.354470 0.847656 -0.028654 -0.529773 -7.815873
-0.506634 -0.007306 -0.862131 -9.715301 0.002695 0.999946 -0.010057 -5.477120 0.862157 -0.007419 -0.506587 -7.855790
-0.437216 0.025958 -0.898982 -9.910581 0.055181 0.998474 0.001994 -5.561409 0.897662 -0.048735 -0.437982 -7.833992
-0.478520 0.117219 -0.870217 -10.080515 0.068284 0.993016 0.096212 -5.655862 0.875417 -0.013382 -0.483183 -7.850934
-0.497452 -0.049343 -0.866087 -10.226080 0.029430 0.996846 -0.073696 -5.765335 0.866993 -0.062149 -0.494431 -7.900727
-0.537961 -0.193092 -0.820557 -10.352452 0.004654 0.972717 -0.231949 -5.857503 0.842957 -0.128598 -0.522385 -7.903169
-0.789913 -0.080268 -0.607943 -10.499985 -0.022268 0.994497 -0.102372 -5.991557 0.612815 -0.067327 -0.787353 -7.940863
-0.895930 0.068231 -0.438925 -10.705128 -0.060717 0.960046 0.273175 -5.987579 0.440027 0.271396 -0.855991 -8.112332
-0.966044 0.094757 -0.240374 -10.880307 -0.048942 0.846372 0.530338 -5.978080 0.253699 0.524095 -0.812995 -8.280542
-0.996737 -0.057743 -0.056411 -11.076632 -0.080723 0.708638 0.700939 -5.866948 -0.000500 0.703205 -0.710987 -8.429067
-0.898117 -0.375239 0.229308 -11.230274 -0.058296 0.618430 0.783675 -5.821475 -0.435876 0.690464 -0.577297 -8.596025
-0.704097 -0.549789 0.449422 -11.330954 -0.085320 0.693810 0.715087 -5.798469 -0.704960 0.465145 -0.535417 -8.828995
-0.543766 -0.502410 0.672237 -11.397802 -0.093521 0.832296 0.546385 -5.816769 -0.834010 0.234237 -0.499561 -9.028666
-0.344505 -0.411361 0.843859 -11.440660 -0.151055 0.911462 0.382648 -5.858965 -0.926552 0.004355 -0.376141 -9.258265
-0.109707 -0.209735 0.971584 -11.388535 -0.115148 0.973585 0.197165 -5.905107 -0.987272 -0.090246 -0.130960 -9.447703
0.060119 -0.051284 0.996873 -11.203516 -0.110044 0.992252 0.057683 -5.984098 -0.992107 -0.113167 0.054009 -9.642943
0.126380 0.182295 0.975088 -10.953948 -0.070138 0.982151 -0.174525 -6.075268 -0.989499 -0.046334 0.136910 -9.852914
0.091251 0.276215 0.956754 -10.669724 -0.002583 0.960825 -0.277144 -6.166770 -0.995825 0.022818 0.088390 -10.004102
0.002137 0.371515 0.928424 -10.387344 0.066498 0.926319 -0.370826 -6.250794 -0.997784 0.062531 -0.022726 -10.086981
-0.143324 0.376311 0.915341 -10.129218 0.156402 0.921879 -0.354510 -6.370334 -0.977239 0.092351 -0.190983 -10.209300
-0.266005 0.335432 0.903729 -9.886870 0.172353 0.938949 -0.297774 -6.461037 -0.948439 0.076552 -0.307578 -10.310016
-0.099977 0.400335 0.910899 -9.721204 0.217673 0.902110 -0.372581 -6.553874 -0.970888 0.161029 -0.177332 -10.336160
0.067008 0.288147 0.955239 -9.543131 0.142118 0.944872 -0.294989 -6.671573 -0.987579 0.155524 0.022363 -10.305072
0.227883 0.229578 0.946236 -9.356017 0.093212 0.962199 -0.255899 -6.758522 -0.969217 0.146516 0.197870 -10.315345
0.377745 0.125763 0.917329 -9.165671 0.064523 0.984749 -0.161576 -6.849972 -0.923659 0.120224 0.363870 -10.272975
0.388877 0.195678 0.900270 -8.972324 0.027061 0.974336 -0.223465 -6.963144 -0.920892 0.111263 0.373601 -10.203339
0.161750 0.223558 0.961176 -8.744257 0.086501 0.967040 -0.239479 -7.065861 -0.983033 0.121879 0.137081 -10.231677
0.031416 0.148900 0.988353 -8.522611 0.126477 0.980300 -0.151707 -7.172888 -0.991472 0.129770 0.011965 -10.225398
-0.081841 0.182054 0.979877 -8.301926 0.145554 0.974817 -0.168957 -7.279213 -0.985960 0.128797 -0.106278 -10.206640
-0.198288 0.157980 0.967328 -8.088140 0.123754 0.983062 -0.135182 -7.381482 -0.972300 0.092906 -0.214480 -10.270569
0.031102 0.109100 0.993544 -7.922065 0.076245 0.990870 -0.111193 -7.490013 -0.996604 0.079211 0.022500 -10.245780
0.281874 0.010587 0.959393 -7.770536 0.059738 0.997805 -0.028563 -7.573191 -0.957590 0.065363 0.280622 -10.175484
0.394252 -0.069606 0.916363 -7.563182 0.076076 0.996177 0.042938 -7.689405 -0.915848 0.052785 0.398040 -10.167853
0.615907 -0.157274 0.771961 -7.428698 0.083518 0.987384 0.134528 -7.775088 -0.783380 -0.018385 0.621271 -10.111652
0.791310 -0.116422 0.600229 -7.278037 0.073747 0.992711 0.095325 -7.848254 -0.606952 -0.031167 0.794127 -9.995660
0.871948 -0.014905 0.489372 -7.122252 0.058420 0.995563 -0.073769 -7.961684 -0.486101 0.092911 0.868950 -9.925319
0.961889 -0.033139 0.271426 -6.956125 0.019711 0.998450 0.052051 -8.082016 -0.272730 -0.044717 0.961051 -9.821775
0.990217 0.099453 -0.097877 -6.850461 -0.063615 0.946055 0.317698 -8.074785 0.124193 -0.308364 0.943127 -9.595408
0.884175 0.223726 -0.410100 -6.754949 -0.051090 0.918907 0.391151 -8.066422 0.464354 -0.324894 0.823905 -9.362719
0.611462 0.343419 -0.712866 -6.632371 -0.043600 0.914163 0.402994 -8.030167 0.790072 -0.215335 0.573949 -9.144033
0.320587 0.016749 -0.947071 -6.556142 -0.098596 0.995002 -0.015778 -8.104353 0.942074 0.098436 0.320636 -8.952069
-0.079562 -0.182432 -0.979994 -6.616964 -0.183738 0.968950 -0.165459 -8.144848 0.979750 0.166898 -0.110612 -8.794159
-0.553842 -0.125922 -0.823045 -6.780506 -0.076117 0.992016 -0.100553 -8.177588 0.829135 0.006957 -0.559005 -8.564931
-0.745765 -0.086844 -0.660525 -6.945213 -0.065294 0.996222 -0.057260 -8.229763 0.663002 0.000426 -0.748618 -8.400922
-0.740642 -0.148577 -0.655267 -7.147943 -0.099340 0.988741 -0.111906 -8.252495 0.664516 -0.017788 -0.747062 -8.322742
-0.662055 -0.215535 -0.717794 -7.379615 -0.109477 0.975293 -0.191879 -8.393047 0.741416 -0.048453 -0.669294 -8.288913
-0.637600 -0.311456 -0.704600 -7.589324 -0.107195 0.941600 -0.319216 -8.496344 0.762873 -0.128003 -0.633751 -8.217922
-0.640724 -0.288927 -0.711333 -7.753993 -0.062048 0.942946 -0.327114 -8.606750 0.765260 -0.165453 -0.622095 -8.196054
-0.573651 -0.244870 -0.781642 -7.948516 -0.038655 0.961299 -0.272784 -8.706493 0.818188 -0.126268 -0.560915 -8.194763
-0.441797 -0.260115 -0.858578 -8.149649 0.034865 0.951342 -0.306159 -8.803030 0.896438 -0.165195 -0.411231 -8.129826
-0.314460 -0.210763 -0.925578 -8.360143 0.061734 0.968436 -0.241496 -8.933928 0.947261 -0.133080 -0.291523 -8.102742
-0.109659 -0.118943 -0.986827 -8.578677 0.086666 0.987889 -0.128701 -9.025654 0.990184 -0.099638 -0.098022 -8.103512
0.061909 0.044831 -0.997074 -8.775485 0.124806 0.990802 0.052298 -9.087405 0.990248 -0.127678 0.055744 -8.032736
0.139534 0.054893 -0.988695 -8.949562 0.051255 0.996723 0.062572 -9.169495 0.988890 -0.059407 0.136264 -7.968086
0.229572 -0.218851 -0.948368 -9.072699 0.103110 0.974377 -0.199893 -9.239476 0.967815 -0.051896 0.246255 -7.956431
0.162173 -0.326321 -0.931244 -9.209222 0.081175 0.944950 -0.316987 -9.380225 0.983418 -0.024187 0.179734 -7.961020
-0.084203 -0.255100 -0.963242 -9.369720 0.083814 0.961436 -0.261948 -9.477249 0.992918 -0.102790 -0.059575 -7.926317
-0.198979 -0.071922 -0.977361 -9.550855 0.040505 0.995848 -0.081529 -9.557204 0.979167 -0.055810 -0.195239 -7.972830
-0.317455 0.078646 -0.945007 -9.707265 0.031962 0.996876 0.072226 -9.653646 0.947735 -0.007276 -0.318977 -8.037054
-0.492000 -0.028427 -0.870131 -10.044570 -0.017386 0.999588 -0.022826 -9.832458 0.870422 0.003897 -0.492291 -8.104617
-0.674338 -0.102442 -0.731282 -10.165132 -0.041501 0.994023 -0.100979 -9.945271 0.737256 -0.037745 -0.674559 -8.241954
-0.771961 0.036571 -0.634617 -10.337315 0.034836 0.999277 0.015210 -10.017756 0.634715 -0.010366 -0.772677 -8.387362
-0.857484 0.023603 -0.513970 -10.545582 -0.040265 0.992805 0.112768 -10.107074 0.512933 0.117392 -0.850364 -8.573057
-0.958197 0.021067 -0.285333 -10.671660 -0.043214 0.975188 0.217120 -10.109123 0.282828 0.220374 -0.933511 -8.838127
-0.996026 -0.087754 0.015251 -10.678417 -0.086389 0.993475 0.074457 -10.116931 -0.021685 0.072843 -0.997108 -9.078646
-0.893982 -0.153258 0.421081 -10.637342 -0.064803 0.974034 0.216931 -10.065195 -0.443393 0.166646 -0.880700 -9.355975
-0.555712 0.095000 0.825929 -10.553116 -0.013011 0.992334 -0.122895 -10.112904 -0.831273 -0.079040 -0.550216 -9.533712
-0.062801 0.344616 0.936641 -10.406857 -0.055659 0.935823 -0.348047 -10.164423 -0.996473 -0.073990 -0.039590 -9.662335
0.463825 0.324622 0.824310 -10.220165 -0.074894 0.941486 -0.328625 -10.243450 -0.882756 0.090688 0.460997 -9.818699
0.532469 0.431697 0.728090 -10.022698 -0.133411 0.892220 -0.431446 -10.379291 -0.835870 0.132597 0.532672 -9.951784
0.440639 0.509836 0.738853 -9.811877 -0.109312 0.847415 -0.519556 -10.458261 -0.891004 0.148171 0.429136 -9.994102
0.247990 0.391316 0.886213 -9.583981 -0.052727 0.918884 -0.390988 -10.597774 -0.967327 0.050234 0.248507 -10.025378
0.151591 0.363202 0.919296 -9.368940 0.026793 0.928192 -0.371135 -10.678451 -0.988080 0.080892 0.130974 -10.146455
0.047505 0.219366 0.974486 -9.143586 0.119177 0.967373 -0.223575 -10.780300 -0.991736 0.126757 0.019812 -10.239352
-0.191947 0.256296 0.947348 -8.908821 0.192820 0.956332 -0.219658 -10.886631 -0.962277 0.140505 -0.232984 -10.333078
-0.229350 0.364206 0.902637 -8.736971 0.186482 0.926619 -0.326500 -10.964603 -0.955313 0.093443 -0.280438 -10.441474
0.058076 0.312688 0.948079 -8.587283 0.108581 0.942069 -0.317357 -11.063959 -0.992390 0.121374 0.020760 -10.491280
0.272506 0.252919 0.928317 -8.440662 0.043757 0.960576 -0.274552 -11.115612 -0.961159 0.115437 0.250695 -10.453019
0.300242 0.119773 0.946314 -8.258576 0.035140 0.990023 -0.136454 -11.222924 -0.953216 0.074222 0.293038 -10.454522
0.377096 -0.055271 0.924523 -8.046727 0.020498 0.998471 0.051332 -11.326193 -0.925947 -0.000407 0.377653 -10.440568
0.460146 -0.025744 0.887470 -7.887028 0.014699 0.999663 0.021377 -11.379299 -0.887721 0.003209 0.460370 -10.380699
0.403584 -0.211415 0.890182 -7.675780 0.042361 0.976212 0.212641 -11.435535 -0.913962 -0.048109 0.402939 -10.387847
0.473081 -0.284966 0.833660 -7.470628 0.055321 0.953986 0.294704 -11.526611 -0.879280 -0.093300 0.467078 -10.399742
0.759304 -0.037857 0.649634 -7.374707 0.023263 0.999247 0.031039 -11.604322 -0.650320 -0.008456 0.759613 -10.370216
0.812139 -0.040455 0.582060 -7.242799 -0.019198 0.995200 0.095956 -11.706610 -0.583148 -0.089104 0.807464 -10.317595
0.897351 -0.141575 0.417992 -7.076388 0.031120 0.965088 0.260070 -11.777309 -0.440219 -0.220366 0.870429 -10.269764
0.970588 -0.083993 0.225619 -6.966909 0.021135 0.963275 0.267685 -11.861555 -0.239816 -0.255043 0.936718 -10.166431
0.999231 0.038130 -0.009172 -6.848294 -0.034844 0.970500 0.238571 -11.975746 0.017998 -0.238068 0.971082 -9.991524
0.959172 0.108257 -0.261285 -6.690984 -0.064077 0.983001 0.172056 -12.031069 0.275470 -0.148289 0.949804 -9.851297
0.903655 0.164655 -0.395343 -6.443854 -0.165921 0.985644 0.031254 -12.069812 0.394813 0.037353 0.918002 -9.643886
0.986882 0.054716 -0.151889 -6.255514 -0.058210 0.998130 -0.018648 -12.071484 0.150585 0.027245 0.988222 -9.287775
0.997629 -0.024423 0.064341 -6.091265 0.015530 0.990689 0.135259 -12.077766 -0.067045 -0.133939 0.988719 -8.909979
0.975888 -0.114071 0.186090 -5.936395 0.041921 0.934649 0.353093 -12.027304 -0.214206 -0.336778 0.916895 -8.499969
0.971734 -0.139839 0.190204 -5.859709 0.018459 0.848224 0.529316 -11.985869 -0.235354 -0.510843 0.826830 -8.080086
0.939005 -0.245316 0.241016 -5.768775 0.068730 0.820555 0.567421 -11.980566 -0.336964 -0.516246 0.787366 -7.668978
0.793606 -0.254347 0.552719 -5.654572 0.067234 0.939527 0.335809 -11.976750 -0.604706 -0.229339 0.762715 -7.327877
0.680525 -0.212671 0.701182 -5.514192 -0.013930 0.953024 0.302574 -11.995443 -0.732592 -0.215677 0.645594 -6.977561
0.598828 -0.213510 0.771893 -5.342919 0.038060 0.970307 0.238865 -11.992985 -0.799973 -0.113660 0.589173 -6.621018
0.638692 -0.217635 0.738043 -5.104286 0.059730 0.970296 0.234433 -11.999314 -0.767141 -0.105647 0.632720 -6.320014
0.764603 -0.199196 0.612947 -4.809196 0.035771 0.962689 0.268234 -11.999535 -0.643508 -0.183167 0.743200 -6.037959
0.839460 -0.171486 0.515654 -4.550751 0.059598 0.972232 0.226304 -11.972087 -0.540143 -0.159241 0.826370 -5.716382
0.808808 -0.252492 0.531109 -4.281024 0.045146 0.927130 0.372011 -11.979589 -0.586337 -0.276907 0.761269 -5.355732
0.878108 -0.200247 0.434542 -4.043790 0.036498 0.933594 0.356468 -11.954135 -0.477068 -0.297158 0.827106 -5.027090
0.944628 -0.109906 0.309190 -3.882068 -0.018400 0.923019 0.384315 -11.943448 -0.327627 -0.368724 0.869887 -4.681952
0.964774 -0.132954 0.227010 -3.715246 0.005203 0.872372 0.488815 -11.914268 -0.263028 -0.470415 0.842334 -4.276129
0.962049 -0.153839 0.225378 -3.562294 0.030203 0.880889 0.472358 -11.898766 -0.271200 -0.447625 0.852105 -3.918703
0.997421 -0.035875 0.062168 -3.443015 0.005219 0.900094 0.435665 -11.930239 -0.071587 -0.434216 0.897960 -3.526772
0.999538 0.030186 0.003602 -3.361526 -0.028476 0.888213 0.458549 -11.890525 0.010643 -0.458440 0.888662 -3.112063
0.999522 -0.019974 0.023616 -3.261405 0.003074 0.823883 0.566751 -11.887483 -0.030777 -0.566407 0.823550 -2.693086
0.997454 0.032643 -0.063400 -3.207253 0.008979 0.824507 0.565781 -11.865677 0.070742 -0.564909 0.822115 -2.264314
0.994362 0.069697 -0.079914 -3.215370 -0.011981 0.822657 0.568412 -11.844440 0.105359 -0.564250 0.818854 -1.842949
0.998751 -0.025167 -0.043169 -3.205105 0.047211 0.758329 0.650160 -11.853590 0.016373 -0.651386 0.758570 -1.348973
0.998950 -0.004848 -0.045550 -3.175782 0.033605 0.753326 0.656789 -11.810803 0.031130 -0.657630 0.752698 -0.912359
0.990850 0.083455 -0.106077 -3.196195 0.005692 0.759388 0.650613 -11.838244 0.134850 -0.645264 0.751964 -0.500852
0.996633 0.055501 -0.060355 -3.203141 -0.010108 0.813634 0.581290 -11.831967 0.081369 -0.578722 0.811455 -0.056680
0.999233 0.001765 -0.039116 -3.190098 0.022991 0.782197 0.622606 -11.802836 0.031695 -0.623028 0.781557 0.368757
0.998286 0.029632 -0.050474 -3.205914 0.006368 0.802263 0.596936 -11.825268 0.058182 -0.596235 0.800699 0.775694
0.994548 0.064812 -0.081697 -3.258735 0.002012 0.771340 0.636420 -11.778315 0.104264 -0.633114 0.767004 1.230659
0.999131 0.001865 0.041629 -3.256194 -0.028952 0.749574 0.661288 -11.809979 -0.029971 -0.661919 0.748976 1.664675
0.999384 0.008939 -0.033939 -3.276654 0.016647 0.730574 0.682631 -11.778209 0.030896 -0.682775 0.729975 2.113427
0.996661 0.046907 -0.066836 -3.326560 0.003878 0.790417 0.612557 -11.802687 0.081562 -0.610770 0.787596 2.535186
0.999803 0.018532 -0.007081 -3.370187 -0.010678 0.803520 0.595182 -11.846029 0.016720 -0.594990 0.803559 3.003334
0.999556 -0.029249 0.005624 -3.378465 0.022605 0.867918 0.496194 -11.836859 -0.019394 -0.495846 0.868194 3.436094
0.999792 -0.018065 -0.009507 -3.408014 0.020414 0.887459 0.460434 -11.881553 0.000119 -0.460532 0.887643 3.872004
0.999217 0.005292 -0.039207 -3.463964 0.006893 0.952571 0.304240 -11.883967 0.038957 -0.304272 0.951788 4.352084
0.999397 -0.020550 0.027988 -3.473534 0.013313 0.971237 0.237742 -11.934651 -0.032069 -0.237226 0.970925 4.843412
0.999525 -0.024344 0.018884 -3.482529 0.022355 0.994816 0.099204 -11.983337 -0.021201 -0.098735 0.994888 5.297473
0.999667 0.025465 0.004114 -3.509170 -0.025715 0.996344 0.081466 -11.965352 -0.002024 -0.081545 0.996668 5.785998
0.999874 -0.015639 -0.002733 -3.510555 0.015838 0.994484 0.103687 -11.999057 0.001096 -0.103717 0.994606 6.255313
0.997391 -0.067979 0.024293 -3.486434 0.066485 0.996114 0.057761 -11.967701 -0.028125 -0.055995 0.998035 6.698231
0.999687 -0.016865 0.018491 -3.496277 0.014164 0.990393 0.137552 -11.975867 -0.020634 -0.137247 0.990322 7.170687
0.996563 -0.043026 0.070786 -3.486349 0.031955 0.988064 0.150694 -11.962364 -0.076425 -0.147914 0.986043 7.632662
0.982802 -0.035481 0.181220 -3.444304 0.005080 0.986191 0.165537 -11.951697 -0.184591 -0.161769 0.969411 8.101332
0.990692 -0.058397 0.122959 -3.421315 0.034987 0.982195 0.184579 -11.981295 -0.131549 -0.178559 0.975096 8.535630
0.997427 0.002603 0.071644 -3.428762 -0.012992 0.989357 0.144927 -11.943462 -0.070505 -0.145485 0.986845 8.989659
0.996950 -0.021675 0.074968 -3.409927 0.009641 0.987504 0.157300 -11.976817 -0.077441 -0.156098 0.984701 9.444093
0.999107 -0.036929 0.020507 -3.361024 0.034135 0.991818 0.123010 -11.974842 -0.024882 -0.122200 0.992194 9.916440
0.999879 -0.007702 -0.013515 -3.348496 0.009499 0.990339 0.138343 -11.955090 0.012319 -0.138455 0.990292 10.414330
0.999707 -0.007256 0.023091 -3.339210 0.003376 0.986483 0.163830 -11.981873 -0.023968 -0.163704 0.986218 10.853312
0.999638 -0.026687 -0.003355 -3.296466 0.026886 0.995022 0.095959 -11.957814 0.000778 -0.096015 0.995380 11.292286
0.999852 0.012056 -0.012279 -3.284754 -0.009596 0.982938 0.183687 -11.966211 0.014284 -0.183542 0.982908 11.735080
0.999795 0.018270 0.008670 -3.297286 -0.019481 0.985163 0.170512 -11.946532 -0.005426 -0.170646 0.985317 12.178853
0.998362 -0.028953 0.049345 -3.301222 0.017772 0.976770 0.213550 -11.940803 -0.054382 -0.212323 0.975685 12.673950
0.999826 -0.018642 -0.001149 -3.312756 0.018435 0.975095 0.221020 -11.964895 -0.003000 -0.221003 0.975269 13.092757
0.999928 0.002611 -0.011688 -3.337772 -0.000094 0.977631 0.210328 -11.934842 0.011976 -0.210312 0.977561 13.508304
0.999996 -0.001297 0.002680 -3.360309 0.000575 0.967318 0.253567 -11.953066 -0.002922 -0.253564 0.967314 13.955193
0.999689 -0.020606 -0.014053 -3.343710 0.023049 0.978530 0.204810 -11.944695 0.009531 -0.205071 0.978701 14.430349
0.999885 0.014062 0.005602 -3.346584 -0.014962 0.974280 0.224845 -11.938255 -0.002297 -0.224903 0.974379 14.846023
0.999583 0.025335 -0.013872 -3.377815 -0.021273 0.970597 0.239769 -11.936066 0.019539 -0.239374 0.970731 15.305570
0.999717 0.006975 -0.022726 -3.364958 -0.001694 0.974462 0.224545 -11.914330 0.023711 -0.224443 0.974199 15.721804
0.995865 0.038443 -0.082315 -3.365369 -0.018103 0.971860 0.234861 -11.947750 0.089027 -0.232399 0.968537 16.125092
0.992806 0.028563 -0.116281 -3.395338 -0.006924 0.983201 0.182393 -11.925091 0.119538 -0.180275 0.976326 16.582727
0.998581 -0.002478 -0.053204 -3.407421 0.015419 0.969593 0.244239 -11.921850 0.050981 -0.244712 0.968255 17.015230
0.996736 -0.012752 -0.079723 -3.421191 0.029472 0.976776 0.212228 -11.926059 0.075165 -0.213884 0.973963 17.471127
0.994337 0.039319 -0.098729 -3.491928 -0.015703 0.973200 0.229422 -11.904873 0.105104 -0.226572 0.968307 17.893200
0.997188 0.032088 -0.067724 -3.577520 -0.017291 0.977828 0.208695 -11.927173 0.072919 -0.206937 0.975633 18.329704
0.998973 0.031171 -0.032891 -3.646723 -0.024772 0.983422 0.179629 -11.892100 0.037945 -0.178630 0.983184 18.765043
0.999072 0.024309 -0.035559 -3.731037 -0.014660 0.968148 0.249947 -11.916899 0.040502 -0.249194 0.967606 19.174932
0.999105 0.018552 0.038014 -3.833767 -0.027260 0.969577 0.243265 -11.889269 -0.032345 -0.244083 0.969215 19.617046
0.995255 -0.054174 0.080830 -3.918144 0.023617 0.940333 0.339435 -11.877416 -0.094396 -0.335916 0.937150 20.058308
0.987129 -0.073611 0.141981 -3.974385 0.017016 0.931079 0.364421 -11.879928 -0.159021 -0.357314 0.920347 20.490835
0.966655 -0.061255 0.248648 -4.060621 -0.031833 0.934697 0.354018 -11.845076 -0.254096 -0.350129 0.901579 20.913427
0.931505 -0.184206 0.313634 -4.103513 0.042727 0.911723 0.408578 -11.876476 -0.361209 -0.367192 0.857145 21.338236
0.876879 -0.268216 0.398928 -4.059194 0.106526 0.917658 0.382827 -11.871356 -0.468760 -0.293196 0.833247 21.729799
0.762041 -0.310925 0.567995 -3.924127 0.066135 0.909959 0.409391 -11.874790 -0.644142 -0.274409 0.713989 22.081572
0.588447 -0.373597 0.717046 -3.748859 0.063103 0.905361 0.419927 -11.867455 -0.806070 -0.201857 0.556332 22.392727
0.413829 -0.460137 0.785506 -3.516462 0.079523 0.877830 0.472324 -11.843946 -0.906875 -0.132995 0.399863 22.669468
0.376659 -0.589741 0.714377 -3.272728 0.012150 0.774251 0.632762 -11.819818 -0.926272 -0.229656 0.298794 22.929308
0.188584 -0.767303 0.612929 -3.004839 0.010184 0.625622 0.780060 -11.744795 -0.982004 -0.140865 0.125797 23.125570
0.044624 -0.908198 0.416155 -2.707740 0.017890 0.417230 0.908625 -11.685558 -0.998844 -0.033102 0.034866 23.286880
0.104349 -0.894125 0.435490 -2.437782 0.110758 0.445604 0.888352 -11.671094 -0.988354 -0.044465 0.145530 23.389326
0.034333 -0.917572 0.396084 -2.202648 0.108589 0.397396 0.911200 -11.626699 -0.993494 0.011726 0.113282 23.425159
-0.071711 -0.900901 0.428060 -1.967631 0.001788 0.429048 0.903280 -11.607708 -0.997424 0.065540 -0.029157 23.417135
0.079271 -0.886222 0.456428 -1.768583 0.043054 0.460485 0.886623 -11.478142 -0.995923 -0.050633 0.074659 23.409498
0.058034 -0.897889 0.436379 -1.575203 0.029551 0.438469 0.898260 -11.392079 -0.997877 -0.039234 0.051980 23.383938
0.132670 -0.913250 0.385193 -1.394032 0.081457 0.397360 0.914040 -11.300578 -0.987807 -0.089889 0.127108 23.401581
0.308962 -0.740885 0.596348 -1.216152 -0.002074 0.626499 0.779419 -11.183872 -0.951072 -0.242048 0.192028 23.417864
0.378968 -0.629720 0.678113 -1.031667 0.046684 0.744846 0.665601 -11.116806 -0.924232 -0.220584 0.311670 23.410107
0.266640 -0.533129 0.802918 -0.822287 0.005047 0.833839 0.551984 -11.059251 -0.963783 -0.143128 0.225026 23.435211
0.066505 -0.498728 0.864204 -0.616598 -0.054536 0.863009 0.502236 -10.926142 -0.996295 -0.080531 0.030196 23.438950
-0.103067 -0.569664 0.815389 -0.403642 -0.040336 0.821474 0.568817 -10.806794 -0.993856 0.025736 -0.107644 23.444757
-0.249351 -0.617472 0.746025 -0.183468 -0.031247 0.775087 0.631082 -10.685660 -0.967909 0.134049 -0.212563 23.433104
-0.342299 -0.368281 0.864407 0.008431 -0.060879 0.926743 0.370732 -10.534927 -0.937617 0.074276 -0.339644 23.393564
-0.387924 -0.387468 0.836292 0.222172 -0.051424 0.915030 0.400095 -10.425824 -0.920256 0.112201 -0.374887 23.373159
-0.241123 -0.544571 0.803307 0.453723 -0.015077 0.829731 0.557959 -10.307647 -0.970378 0.122425 -0.208277 23.407675
-0.219791 -0.491117 0.842909 0.677851 -0.033340 0.867314 0.496643 -10.152657 -0.974977 0.081055 -0.207002 23.389694
-0.279080 -0.423737 0.861720 0.944688 -0.001207 0.897529 0.440954 -9.987813 -0.960267 0.122021 -0.250993 23.366524
-0.193881 -0.375389 0.906363 1.116076 0.043876 0.919651 0.390278 -9.903645 -0.980044 0.115435 -0.161832 23.346128
-0.192283 -0.344902 0.918733 1.339946 0.064762 0.929702 0.362574 -9.819010 -0.979200 0.129216 -0.156429 23.286831
-0.435598 -0.188083 0.880272 1.631488 0.049329 0.971469 0.231979 -9.731243 -0.898789 0.144473 -0.413892 23.152246
-0.800581 -0.091329 0.592224 1.807688 0.025598 0.982202 0.186073 -9.745321 -0.598678 0.164126 -0.783995 22.875862
-0.995102 0.069938 0.069857 1.800724 0.080226 0.984271 0.157397 -9.796209 -0.057750 0.162231 -0.985061 22.577848
-0.806657 0.190021 -0.559641 1.659559 0.079712 0.973232 0.215557 -9.775617 0.585621 0.129270 -0.800211 22.319277
-0.411787 0.336845 -0.846739 1.461841 0.114782 0.940947 0.318502 -9.786065 0.904022 0.033965 -0.426134 22.193918
-0.167012 0.488621 -0.856362 1.229451 0.159447 0.870513 0.465600 -9.760303 0.972977 -0.058784 -0.223296 22.139000
0.153473 0.596508 -0.787797 0.954198 0.169524 0.769529 0.615701 -9.723060 0.973503 -0.228044 0.016979 22.118345
0.506511 0.578620 -0.639254 0.735252 0.071108 0.710836 0.699754 -9.673341 0.859296 -0.399889 0.318901 22.163071
0.556766 0.259466 -0.789106 0.576422 0.031969 0.942568 0.332482 -9.591930 0.830054 -0.210342 0.516495 22.186214
0.615920 0.191766 -0.764113 0.385490 0.004130 0.969123 0.246545 -9.537965 0.787798 -0.155008 0.596110 22.188717
